$ 1 0.000005 10.20027730826997 50 5 43 5e-11
174 400 304 432 352 1 100000 0.5 Pulse Width
g 400 368 400 384 0 0
r 400 304 400 240 0 20000
R 400 240 400 224 0 0 40 12 0 0 0.5
a 496 352 576 352 9 15 -15 1000000 4.999950000499994 4.999999999999999 100000
w 496 336 432 336 2
w 496 368 496 400 0
w 496 400 576 400 0
w 576 400 576 352 0
r 576 352 688 352 0 47000
r 576 560 688 560 0 47000
w 576 608 576 560 0
w 496 608 576 608 0
w 496 576 496 608 0
w 496 544 432 544 2
a 496 560 576 560 9 15 -15 1000000 1.9150984359175935 1.9151175869019528 100000
w 688 560 688 352 0
w 688 352 832 352 2
174 400 512 432 560 1 100000 0.5 PWM CV LVL
g 400 576 400 592 0 0
r 400 512 320 512 0 1000
R 256 512 208 512 0 1 40 5 0 0 0.5
w 256 512 320 512 2
