$ 1 0.000015625 18.278915558614752 50 5 43 5e-11
R 496 448 432 448 0 2 40 6 6 0 0.5
r 496 448 496 528 0 51000
g 496 528 496 544 0 0
w 496 448 704 448 0
r 704 448 800 448 0 120000
r 704 480 800 480 0 100000
a 800 464 880 464 8 15 -15 1000000 2.7272227281893766 2.727272727272727 100000
r 800 480 800 576 0 120000
r 800 384 880 384 0 100000
w 880 384 880 464 0
w 800 384 800 448 0
R 704 480 672 480 0 0 40 5 0 0 0.5
g 800 576 800 592 0 0
R 496 736 432 736 0 4 40 5 5 0 0.5
g 800 864 800 880 0 0
R 704 768 672 768 0 0 40 5 0 0 0.5
w 800 672 800 736 0
w 880 672 880 752 0
r 800 672 880 672 0 100000
r 800 768 800 864 0 100000
a 800 752 880 752 8 15 -15 1000000 2.500016062178444 2.5 100000
r 704 768 800 768 0 100000
r 704 736 800 736 0 100000
w 496 736 704 736 0
a 1184 640 1264 640 8 15 -15 1000000 0.00004894977483727951 0 100000
g 1184 656 1184 688 0 0
w 1184 624 1184 560 0
r 1184 560 1264 560 0 100000
w 1264 560 1264 640 0
r 1184 624 1088 624 0 82000
r 1184 560 1088 560 0 82000
174 1088 560 1040 608 1 100000 0.9950000000000001 Resistance
w 1264 640 1424 640 0
w 1088 752 880 752 0
w 1088 464 880 464 0
g 1040 592 1040 624 0 0
r 1088 624 1088 752 0 10000
r 1088 464 1088 560 0 10000
o 32 16 0 4099 5 0.00009765625 0 2 32 3
